link0: 0.005477
link1: 0.004100
link2: 0.003943
link3: 0.003167
link4: 0.002734
link5: 0.001689
link6: 0.001890
link7: 0.000433